0 5568
1 12624
2 21168
3 31200
4 38256
5 43824
6 44928
7 44544
8 44160
9 43776
10 43392
11 41520
12 39648
13 36288
14 31440
15 26592
16 21744
17 15408
18 10560
19 7200
20 3840
21 1968
22 96
23 1200
24 2304
25 4896
26 8976
27 16032
28 23088
29 31632
30 38688
31 42768
32 43872
33 44976
34 44592
35 44208
36 42336
37 38976
38 35616
39 32256
40 25920
41 21072
42 14736
43 9888
44 6528
45 3168
46 3904
47 3520
48 3136
49 4240
50 6832
51 10912
52 16480
53 25024
54 32080
55 37648
56 41728
57 44320
58 43936
59 43552
60 41680
61 39808
62 36448
63 33088
64 28240
65 21904
66 17056
67 12208
68 7360
69 4000
70 2128
71 1744
72 1360
73 2464
74 5056
75 9136
76 14704
77 23248
78 31792
79 37360
80 41440
81 45520
82 43648
83 44752
84 42880
85 41008
86 39136
87 34288
88 30928
89 24592
90 19744
91 13408
92 8560
93 5200
94 1840
95 4064
96 2192
97 3296
98 4400
99 6992
100 11072
101 18128
102 25184
103 33728
104 39296
105 43376
106 44480
107 44096
108 43712
109 43328
110 39968
111 38096
112 33248
113 28400
114 22064
115 17216
116 12368
117 7520
118 4160
119 800
120 3024
121 2640
122 3744
123 6336
124 8928
125 14496
126 21552
127 30096
128 37152
129 41232
130 43824
131 46416
132 44544
133 44160
134 42288
135 38928
136 35568
137 30720
138 25872
139 21024
140 14688
141 9840
142 6480
143 3120
144 5344
145 3472
146 4576
147 5680
148 8272
149 12352
150 19408
151 26464
152 33520
153 39088
154 41680
155 44272
156 43888
157 43504
158 41632
159 39760
160 36400
161 31552
162 26704
163 20368
164 15520
165 10672
166 7312
167 3952
168 2080
169 1696
170 2800
171 3904
172 7984
173 12064
174 19120
175 27664
176 34720
177 40288
178 44368
179 45472
180 45088
181 44704
182 42832
183 40960
184 37600
185 34240
186 29392
187 23056
188 18208
189 13360
190 8512
191 5152
192 3280
193 2896
194 2512
195 3616
196 6208
197 10288
198 17344
199 24400
200 32944
201 38512
202 44080
203 45184
204 44800
205 44416
206 44032
207 42160
208 38800
209 35440
210 30592
211 25744
212 19408
213 14560
214 9712
215 6352
216 4480
217 2608
218 736
219 5936
220 8528
221 11120
222 16688
223 23744
224 30800
225 36368
226 40448
227 43040
228 44144
229 43760
230 41888
231 36682
232 24394
233 12106
