0 15616
1 31968
2 44976
3 44592
4 41232
5 33408
6 22608
7 13296
8 2496
9 2864
10 2112
11 7680
12 22176
13 39648
14 43728
15 41856
16 34032
17 24720
18 15408
19 6096
20 2368
21 4592
22 10160
23 26144
24 40640
25 44720
26 39872
27 32048
28 22736
29 13424
30 4112
31 384
32 2608
33 9664
34 28624
35 43120
36 44224
37 40864
38 33040
39 23728
40 14416
41 5104
42 1376
43 3600
44 10656
45 28128
46 42624
47 43728
48 40368
49 32544
50 23232
51 13920
52 4608
53 880
54 3104
55 11648
56 29120
57 43616
58 44720
59 39872
60 32048
61 22736
62 13424
63 4112
64 1872
65 4096
66 11152
67 28624
68 41632
69 44224
70 39376
71 31552
72 22240
73 12928
74 5104
75 1376
76 2480
77 14000
78 35936
79 45968
80 44096
81 39248
82 31424
83 22112
84 12800
85 3488
86 3856
87 3472
88 13504
89 30976
90 43984
91 43600
92 38752
93 30928
94 21616
95 12304
96 2992
97 752
98 5952
99 15984
100 33456
101 43488
102 43104
103 36768
104 28944
105 19632
106 8832
107 1008
108 2864
109 5456
110 16976
111 35936
112 45968
113 44096
114 37760
115 28448
116 19136
117 9824
118 512
119 2368
120 3472
121 16480
122 35440
123 43984
124 43600
125 38752
126 29440
127 20128
128 9328
129 1504
130 3360
131 4464
132 17472
133 36432
134 44976
135 43104
136 38256
137 28944
138 19632
139 10320
140 1008
141 256
142 6944
143 19952
144 37424
145 44480
146 42608
147 36272
148 26960
149 17648
150 6848
151 3120
152 3856
153 7936
154 23920
155 39904
156 45472
157 42112
158 34288
159 24976
160 15664
161 6352
162 1136
163 1872
164 7440
165 24912
166 42384
167 44976
168 41616
169 35280
170 27456
171 18144
172 8832
173 1008
174 1744
175 7312
176 26272
177 43744
178 44848
179 42976
180 35152
181 27328
182 16528
183 7216
184 3488
185 2736
186 6816
187 22800
188 40272
189 45840
190 43968
191 36144
192 26832
193 17520
194 6720
195 1504
196 4848
197 5952
198 17472
199 34944
200 44976
201 43104
202 38256
203 28944
204 19632
205 10320
206 2496
207 256
208 6944
209 19952
210 37424
211 44480
212 42608
213 36272
214 26960
215 17648
216 6848
217 3120
218 2368
219 6448
220 22432
221 39904
222 45472
223 43600
224 37264
225 27952
226 18640
227 7840
228 4112
229 1872
230 7072
231 18592
232 36064
233 44608
234 42736
235 36400
236 28576
237 17776
238 8464
239 3248
240 2496
241 6576
242 21072
243 40032
244 33338
245 21050
246 8762
