0 20.552688
1 21.682258
2 12.586559
3 6.941398
4 2.981720
5 1.950000
6 1.406452
7 1.763978
8 2.280645
9 4.494086
10 8.192473
11 15.877419
12 21.061828
13 15.789785
14 8.569892
15 3.840860
16 2.361828
17 1.813978
18 1.891935
19 2.595699
20 4.721505
21 9.274731
22 16.681183
23 20.087634
24 13.966667
25 6.655376
26 3.321505
27 2.042473
28 1.627957
29 1.976882
30 3.089247
31 5.277419
32 9.680108
33 18.366667
34 21.554839
35 13.658602
36 7.351613
37 3.466129
38 2.087097
39 1.743548
40 2.025806
41 3.071505
42 5.159677
43 10.254839
44 17.719892
45 20.809677
46 13.419355
47 7.124731
48 3.339247
49 2.010215
50 1.700000
51 2.153226
52 3.232258
53 5.370430
54 10.306989
55 17.851075
56 20.929570
57 13.633333
58 6.724194
59 3.390323
60 2.111290
61 1.696774
62 2.045699
63 3.020430
64 5.883871
65 10.587097
66 17.697849
67 20.109677
68 13.199462
69 7.204839
70 3.481720
71 2.252688
72 1.871505
73 2.116129
74 2.986559
75 5.916667
76 11.991935
77 21.279032
78 20.575269
79 12.001075
80 6.351613
81 3.122581
82 1.906452
83 1.671505
84 2.337634
85 3.491935
86 5.743011
87 11.151613
88 18.594086
89 19.984946
90 12.470968
91 6.215054
92 3.206989
93 2.040860
94 1.839247
95 2.263441
96 3.451075
97 6.465054
98 12.558065
99 19.034946
100 18.585484
101 10.675806
102 5.155376
103 2.777957
104 1.811828
105 1.743548
106 2.047312
107 3.897312
108 6.765054
109 13.045161
110 20.632258
111 18.854839
112 10.418280
113 4.906452
114 2.533333
115 1.734946
116 1.700000
117 2.290860
118 3.645161
119 6.579570
120 13.009677
121 20.880108
122 18.983333
123 10.836559
124 5.182796
125 2.738710
126 1.722581
127 1.758602
128 2.045699
129 3.845699
130 6.922043
131 13.052151
132 20.342473
133 18.795699
134 10.109140
135 5.224194
136 2.846774
137 1.880645
138 1.812366
139 2.507527
140 3.828495
141 7.563441
142 14.036022
143 20.060753
144 17.077957
145 8.973118
146 4.067204
147 2.512366
148 1.746237
149 1.948925
150 2.319355
151 4.369355
152 8.633333
153 15.468817
154 20.636022
155 15.932258
156 7.775806
157 3.638710
158 2.133871
159 1.568817
160 1.767204
161 2.204301
162 4.316667
163 8.705376
164 16.274194
165 22.593548
166 16.482796
167 8.939247
168 4.902151
169 2.724731
170 1.908602
171 2.077957
172 2.873118
173 4.723118
174 8.458065
175 16.891398
176 22.789247
177 15.764516
178 8.812366
179 3.957527
180 2.365591
181 1.742473
182 1.745161
183 2.511290
184 4.524194
185 8.117742
186 14.858065
187 21.624731
188 16.933333
189 9.280645
190 4.404839
191 2.111290
192 1.559140
193 1.632796
194 2.007527
195 3.432796
196 6.371505
197 12.363978
198 19.654301
199 18.818817
200 10.882258
201 5.499462
202 2.712366
203 2.018280
204 1.812366
205 2.369892
206 4.207527
207 7.150538
208 13.760753
209 19.717742
210 17.215591
211 9.248387
212 4.342473
213 2.169355
214 1.608602
215 1.811290
216 2.181720
217 4.231720
218 7.887097
219 14.888710
220 21.855914
221 17.859140
222 10.217204
223 4.563441
224 2.256989
225 1.629570
226 1.627957
227 1.965054
228 3.177419
229 7.053763
230 12.582796
231 19.133333
232 17.968817
233 10.217742
234 4.796237
235 2.468280
236 1.761290
237 1.680108
238 2.362366
239 3.808065
240 7.441935
241 14.400538
242 21.703226
243 17.891398
