0 9664
1 12624
2 21168
3 31200
4 38256
5 43824
6 44928
7 44544
8 44160
9 43776
10 43392
11 41520
12 39648
13 36288
14 31440
15 26592
16 21744
17 15408
18 10560
19 7200
20 3840
21 1968
22 96
23 1200
24 2304
25 4896
26 10464
27 16032
28 24576
29 31632
30 38688
31 42768
32 43872
33 44976
34 44592
35 44208
36 42336
37 38976
38 35616
39 30768
40 24432
41 19584
42 14736
43 9888
44 6528
45 4656
46 2784
47 2400
48 2016
49 4608
50 8688
51 14256
52 21312
53 29856
54 35424
55 40992
56 43584
57 44688
58 44304
59 43920
60 42048
61 38688
62 35328
63 30480
64 25632
65 20784
66 14448
67 11088
68 6240
69 4368
70 2496
71 624
72 1728
