0 5568
1 12624
2 21168
3 31200
4 38256
5 43824
6 44928
7 44544
8 44160
9 43776
10 43392
11 41520
12 39648
13 36288
14 31440
15 26592
16 21744
17 15408
18 10560
19 7200
20 3840
21 1968
22 96
23 1200
24 2304
25 4896
26 8976
27 16032
28 24576
29 31632
30 38688
31 42768
32 43872
33 44976
34 44592
35 44208
36 42336
37 38976
38 35616
39 32256
40 25920
41 21072
42 14736
43 9888
44 6528
45 3168
46 3904
47 3520
48 3136
49 4240
50 6832
51 10912
52 16480
53 25024
54 32080
55 37648
56 41728
57 44320
58 43936
59 43552
60 41680
61 39808
62 36448
63 33088
64 28240
65 21904
66 17056
67 12208
68 7360
69 4000
70 2128
71 1744
72 1360
73 2464
74 5056
75 9136
76 14704
77 23248
78 31792
79 37360
80 42928
81 45520
82 43648
83 44752
84 42880
85 41008
86 39136
87 34288
88 30928
89 24592
90 19744
91 13408
92 8560
93 5200
94 1840
95 4064
96 2192
97 3296
98 4400
99 6992
100 11072
101 18128
102 25184
103 33728
104 39296
105 43376
106 44480
107 44096
108 43712
109 43328
110 41456
111 38096
112 33248
113 28400
114 22064
115 17216
116 12368
117 7520
118 4160
119 800
120 3024
121 2640
122 3744
123 6336
124 8928
125 14496
126 21552
127 30096
128 37152
129 41232
130 43824
131 46416
132 44544
133 44160
134 42288
135 40416
136 35568
137 30720
138 25872
139 21024
140 14688
141 9840
142 6480
143 3120
144 5344
145 3472
146 4576
147 5680
148 8272
149 12352
150 19408
151 26464
152 33520
153 39088
154 41680
155 44272
156 45376
157 43504
158 41632
159 39760
160 36400
161 31552
162 26704
163 20368
164 15520
165 10672
166 7312
167 3952
168 2080
169 1696
170 2800
171 3904
172 7984
173 12064
174 19120
175 27664
176 34720
177 40288
178 44368
179 45472
180 45088
181 44704
182 44320
183 40960
184 37600
185 34240
186 29392
187 23056
188 18208
189 11872
190 8512
191 5152
192 1792
193 4016
194 3632
195 4736
196 5840
197 9920
198 15488
199 22544
200 31088
201 36656
202 42224
203 44816
204 45920
205 44048
206 43664
207 41792
208 39920
209 35072
210 31712
211 26864
212 20528
213 15680
214 10832
215 7472
216 4112
217 2240
218 1856
219 1472
220 4064
221 6656
222 12224
223 19280
224 27824
225 34880
226 40448
227 44528
228 44144
229 43760
230 44864
231 33706
232 21418
233 9130
