0 12.200000
1 13.500000
2 14.900000
3 14.200000
4 12.900000
5 11.700000
6 10.800000
7 10.000000
8 9.200000
9 8.400000
10 7.600000
11 6.900000
12 6.200000
13 5.600000
14 5.100000
15 4.600000
16 4.500000
17 4.900000
18 5.400000
19 6.000000
20 6.600000
21 7.300000
22 8.000000
23 8.900000
24 9.800000
25 10.800000
26 11.900000
27 13.200000
28 14.300000
29 13.200000
30 11.900000
31 10.800000
32 9.900000
33 9.000000
34 8.200000
35 7.400000
36 6.700000
37 6.100000
38 5.500000
39 4.900000
40 4.500000
41 4.400000
42 4.800000
43 5.300000
44 5.900000
45 6.500000
46 7.100000
47 7.900000
48 8.700000
49 9.600000
50 10.600000
51 11.700000
52 12.900000
53 13.800000
54 12.600000
55 11.400000
56 10.300000
57 9.300000
58 8.500000
59 7.700000
60 7.000000
61 6.300000
62 5.700000
63 5.100000
64 4.600000
65 4.400000
66 4.900000
67 5.400000
68 5.900000
69 6.500000
70 7.200000
71 7.900000
72 8.800000
73 9.700000
74 10.700000
75 11.800000
76 13.000000
77 14.200000
78 13.000000
79 11.800000
80 10.700000
81 9.600000
82 8.900000
83 8.100000
84 7.300000
85 6.600000
86 5.900000
87 5.400000
88 4.900000
89 4.400000
90 4.400000
91 4.900000
92 5.400000
93 6.000000
94 6.600000
95 7.300000
96 8.000000
97 8.800000
98 9.800000
99 10.800000
100 11.900000
101 13.100000
102 13.900000
103 12.600000
104 11.400000
105 10.300000
106 9.300000
107 8.500000
108 7.700000
109 6.900000
110 6.300000
111 5.700000
112 5.100000
113 4.600000
114 4.200000
115 4.700000
116 5.100000
117 5.700000
118 6.300000
119 6.900000
120 7.600000
121 8.400000
122 9.300000
123 10.200000
124 11.300000
125 12.500000
126 13.800000
127 13.200000
128 12.000000
129 10.800000
130 9.800000
131 8.800000
132 8.100000
133 7.300000
134 6.600000
135 6.000000
136 5.400000
137 4.900000
138 4.400000
139 4.400000
140 4.900000
141 5.400000
142 6.000000
143 6.600000
144 7.200000
145 8.000000
146 8.800000
147 9.700000
148 10.800000
149 11.900000
150 13.100000
151 13.500000
152 12.200000
153 11.100000
154 10.000000
155 9.100000
156 8.200000
157 7.400000
158 6.700000
159 6.000000
160 5.500000
161 4.900000
162 4.400000
163 4.600000
164 5.100000
165 5.600000
166 6.200000
167 6.800000
168 7.500000
169 8.300000
170 9.100000
171 10.100000
172 11.100000
173 12.300000
174 13.600000
175 13.800000
176 12.500000
177 11.300000
178 10.200000
179 9.300000
180 8.500000
181 7.700000
182 7.000000
183 6.300000
184 5.700000
185 5.100000
186 4.600000
187 4.200000
188 4.600000
189 5.100000
190 5.600000
191 6.200000
192 6.900000
193 7.600000
194 8.400000
195 9.200000
196 10.200000
197 11.200000
198 12.400000
199 13.700000
200 13.300000
201 12.000000
202 10.900000
203 9.800000
204 9.000000
205 8.200000
206 7.400000
207 6.700000
208 6.100000
209 5.500000
210 5.000000
211 4.500000
212 4.600000
213 5.000000
214 5.600000
215 6.100000
216 6.800000
217 7.500000
218 8.200000
219 9.100000
220 10.000000
221 11.100000
222 12.200000
223 13.500000
224 14.100000
225 12.800000
226 11.500000
227 10.400000
228 9.600000
229 8.800000
230 8.000000
