0 12.200000
1 13.500000
2 14.900000
3 4.100000
4 4.500000
5 4.900000
6 5.400000
7 6.000000
8 6.600000
9 7.300000
10 8.100000
11 8.900000
12 9.800000
13 10.900000
14 12.000000
15 13.200000
16 3.600000
17 4.000000
18 4.400000
19 4.800000
20 5.300000
21 5.900000
22 6.500000
23 7.200000
24 7.900000
25 8.700000
26 9.600000
27 10.600000
28 11.700000
29 13.000000
30 3.525000
31 3.925000
32 4.325000
33 4.725000
34 5.225000
35 5.725000
36 6.325000
37 7.025000
38 7.725000
39 8.525000
40 9.425000
41 10.425000
42 11.525000
43 12.725000
44 3.456250
45 3.856250
46 4.256250
47 4.656250
48 5.156250
49 5.656250
50 6.256250
51 6.856250
52 7.556250
53 8.356250
54 9.256250
55 10.256250
56 11.256250
57 12.456250
58 13.756250
59 1.882031
60 2.082031
61 2.282031
62 2.482031
63 2.682031
64 2.982031
65 3.282031
66 3.582031
67 3.982031
68 4.382031
69 4.882031
70 5.382031
71 5.882031
72 6.482031
73 7.182031
74 7.882031
75 8.782031
76 9.682031
77 10.682031
78 11.782031
79 12.982031
80 1.747754
81 1.947754
82 2.147754
83 2.347754
84 2.547754
85 2.847754
86 3.147754
87 3.447754
88 3.747754
89 4.147754
90 4.547754
91 5.047754
92 5.547754
93 6.147754
94 6.747754
95 7.447754
96 8.247754
97 9.147754
98 10.047754
99 11.147754
100 12.247754
101 13.547754
102 7.473877
103 8.273877
104 9.073877
105 4.936938
106 5.536938
107 6.036938
108 6.736938
109 7.336938
110 8.136938
111 9.036938
112 9.936938
113 10.936938
114 12.136938
115 6.618469
116 7.318469
117 8.118469
118 8.918469
119 9.818469
120 2.679617
121 2.979617
122 3.279617
123 3.579617
124 3.979617
125 4.379617
126 4.779617
127 5.279617
128 5.879617
129 6.479617
130 7.079617
131 7.879617
132 8.679617
133 9.579617
134 10.579617
135 11.679617
136 12.879617
137 7.039809
138 3.919904
139 4.319904
140 4.719904
141 5.219904
142 5.719904
143 6.319904
144 7.019904
145 7.719904
146 8.519904
147 9.419904
148 10.319904
149 11.419904
150 12.619904
151 13.919904
152 3.854976
153 4.154976
154 4.654976
155 5.054976
156 5.654976
157 6.254976
158 6.854976
159 7.554976
160 8.354976
161 9.254976
162 10.154976
163 11.254976
164 12.354976
165 13.654976
166 7.527488
167 8.327488
168 9.127488
169 5.013744
170 2.756872
171 3.056872
172 3.356872
173 3.656872
174 4.056872
175 4.456872
176 4.956872
177 5.456872
178 5.956872
179 6.556872
180 7.256872
181 8.056872
182 8.856872
183 9.756872
184 10.856872
185 11.956872
186 13.156872
187 3.589218
188 3.989218
189 4.389218
190 4.789218
191 5.289218
192 5.889218
193 6.489218
194 7.189218
195 7.889218
196 8.689218
197 9.589218
198 10.589218
199 11.689218
200 12.889218
201 3.522305
202 3.922305
203 4.322305
204 4.722305
205 5.222305
206 5.722305
207 6.322305
208 7.022305
209 7.722305
210 8.522305
211 9.422305
212 10.422305
213 11.422305
214 12.622305
215 7.011152
216 3.855576
217 4.155576
218 4.655576
219 5.155576
220 5.655576
221 6.255576
222 6.855576
223 7.555576
224 8.355576
225 9.255576
226 10.155576
227 11.255576
228 12.355576
229 13.655576
230 1.831947
231 2.031947
232 2.231947
233 2.431947
234 2.731947
235 2.931947
236 3.331947
237 3.631947
238 4.031947
239 4.431947
240 4.831947
241 5.331947
242 5.931947
243 6.531947
244 7.131947
245 7.931947
246 8.731947
247 9.631947
248 10.631947
249 11.731947
250 12.931947
251 3.507987
252 3.907987
253 4.307987
254 4.707987
255 5.207987
256 5.807987
257 6.407987
258 7.007987
259 7.807987
260 8.607987
261 9.407987
262 10.407987
263 11.507987
264 12.707987
265 6.953993
266 7.753993
267 8.553993
268 9.353993
269 5.176997
