0 9664
1 12624
2 21168
3 20784
4 14448
5 8112
6 3264
7 4000
8 640
9 2864
10 2480
11 2096
12 3200
13 7280
14 11360
15 16928
16 22496
17 16160
18 9824
19 3488
20 2736
21 3472
22 112
23 2336
24 464
25 4176
26 5280
27 7872
28 13440
29 19008
30 23088
31 16752
32 10416
33 4080
34 3328
35 2576
36 3312
37 1440
38 3664
39 3280
40 4384
41 6976
42 11056
43 16624
44 23680
45 17344
46 11008
47 4672
48 3920
49 3168
50 3904
51 544
52 2768
53 2384
54 3488
55 6080
56 8672
57 14240
58 21296
59 20912
60 11600
61 2288
62 1168
63 48
64 416
65 784
66 1152
67 3008
68 768
69 16
70 3360
71 2608
72 3344
73 1472
74 5184
75 4800
76 5904
77 8496
78 12576
79 18144
80 23712
81 15888
82 9552
83 4704
84 3952
85 3200
86 3936
87 2064
88 4288
89 3904
90 5008
91 7600
92 11680
93 17248
94 24304
95 19456
96 13120
97 6784
98 1936
99 1184
100 1920
101 2656
102 2272
103 400
104 1504
105 4096
106 6688
107 12256
108 19312
109 21904
110 15568
111 10720
112 4384
113 5120
114 272
115 2496
116 4720
117 2848
118 3952
119 5056
120 9136
121 13216
122 20272
123 19888
124 13552
125 7216
126 2368
127 1616
128 2352
129 3088
130 5312
131 3440
132 4544
133 5648
134 8240
135 13808
136 19376
137 21968
138 15632
139 9296
140 2960
141 2208
142 2944
143 2192
144 4416
145 2544
146 2160
147 3264
148 5856
149 9936
150 14016
151 22560
152 20688
153 12864
154 8016
155 3168
156 2416
157 3152
158 3888
159 2016
160 1632
161 2736
162 3840
163 7920
164 12000
165 19056
166 21648
167 15312
168 10464
169 4128
170 3376
171 16
172 752
173 2976
174 2592
175 2208
176 4800
177 7392
178 12960
179 18528
180 21120
181 14784
182 8448
183 3600
184 2848
185 2096
186 4320
187 960
188 4672
189 4288
190 6880
191 9472
192 13552
193 19120
194 23200
195 16864
196 10528
197 5680
198 4928
199 80
200 816
201 3040
202 1168
203 784
204 1888
205 4480
206 8560
207 14128
208 22672
209 22288
210 15952
211 9616
212 4768
213 4016
214 656
215 2880
216 5104
217 4720
218 5824
219 8416
220 11008
221 16576
222 23632
223 18784
224 12448
225 6112
226 5360
227 512
228 5344
229 1984
230 4208
231 3824
232 4928
233 6032
234 10112
235 15680
236 22736
237 20864
238 11552
239 2240
240 1120
241 0
242 368
243 736
244 1104
245 2960
246 720
247 4064
248 3312
249 2560
250 3296
251 5520
252 3648
253 4752
254 5856
255 8448
256 12528
257 18096
258 23664
259 17328
260 10992
261 4656
262 3904
263 4640
264 5376
265 2016
266 2394
