0 11.000000
1 11.000000
2 11.000000
3 11.000000
4 11.000000
5 11.000000
6 11.000000
7 11.000000
8 11.000000
9 11.000000
10 11.000000
11 11.000000
12 11.000000
13 11.000000
14 11.000000
15 11.000000
16 11.000000
17 11.000000
18 11.000000
19 11.000000
20 11.000000
21 11.000000
22 11.000000
23 11.000000
24 11.000000
25 11.000000
26 11.000000
27 11.000000
28 11.000000
29 11.000000
30 11.000000
31 11.000000
32 11.000000
33 11.000000
34 11.000000
35 11.000000
36 11.000000
37 11.000000
38 11.000000
39 11.000000
40 11.000000
41 11.000000
42 11.000000
43 11.000000
44 11.000000
45 11.000000
46 11.000000
47 11.000000
48 11.000000
49 11.000000
50 11.000000
51 11.000000
52 11.000000
53 11.000000
54 11.000000
55 11.000000
56 11.000000
57 11.000000
58 11.000000
59 11.000000
60 11.000000
61 11.000000
62 11.000000
63 11.000000
64 11.000000
65 11.000000
66 11.000000
67 11.000000
68 11.000000
69 11.000000
70 11.000000
71 11.000000
72 11.000000
73 11.000000
74 11.000000
75 11.000000
76 11.000000
77 11.000000
78 11.000000
79 11.000000
80 11.000000
81 11.000000
82 11.000000
83 11.000000
84 11.000000
85 11.000000
86 11.000000
87 11.000000
88 11.000000
89 11.000000
90 11.000000
91 11.000000
92 11.000000
93 11.000000
94 11.000000
95 11.000000
96 11.000000
97 11.000000
98 11.000000
99 11.000000
100 11.000000
101 11.000000
102 11.000000
103 11.000000
104 11.000000
105 11.000000
106 11.000000
107 11.000000
108 11.000000
109 11.000000
110 11.000000
111 11.000000
112 11.000000
113 11.000000
114 11.000000
115 11.000000
116 11.000000
117 11.000000
118 11.000000
119 11.000000
120 11.000000
121 11.000000
122 11.000000
123 11.000000
124 11.000000
125 11.000000
126 11.000000
127 11.000000
128 11.000000
129 11.000000
130 11.000000
131 11.000000
132 11.000000
133 11.000000
134 11.000000
135 11.000000
136 11.000000
137 11.000000
138 11.000000
139 11.000000
140 11.000000
141 11.000000
142 11.000000
143 11.000000
144 11.000000
145 11.000000
146 11.000000
147 11.000000
148 11.000000
149 11.000000
150 11.000000
151 11.000000
152 11.000000
153 11.000000
154 11.000000
155 11.000000
156 11.000000
157 11.000000
158 11.000000
159 11.000000
160 11.000000
161 11.000000
162 11.000000
163 11.000000
164 11.000000
165 11.000000
166 11.000000
167 11.000000
168 11.000000
169 11.000000
170 11.000000
171 11.000000
172 11.000000
173 11.000000
174 11.000000
175 11.000000
176 11.000000
