0 9664
1 8160
2 10752
3 13344
4 14448
5 17040
6 18144
7 19248
8 18864
9 19968
10 21072
11 20688
12 21792
13 21408
14 22512
15 22128
16 21744
17 22848
18 22464
19 22080
20 23184
21 22800
22 22416
23 22032
24 23136
25 22752
26 22368
27 23472
28 23088
29 22704
30 22320
31 23424
32 23040
33 22656
34 23760
35 23376
36 22992
37 22608
38 23712
39 23328
40 22944
41 22560
42 23664
43 23280
44 22896
45 24000
46 23616
47 23232
48 22848
49 23952
50 23568
51 23184
52 22800
53 23904
54 23520
55 23136
56 22752
57 23856
58 23472
59 23088
60 22704
61 23808
62 23424
63 23040
64 22656
65 23760
66 23376
67 22992
68 24096
69 23712
70 23328
71 22944
72 24048
73 23664
74 23280
75 22896
76 24000
77 23616
78 23232
79 22848
80 23952
81 23568
82 23184
83 22800
84 23904
85 23520
86 23136
87 22752
88 23856
89 23472
90 23088
91 22704
92 23808
93 23424
94 23040
95 24144
96 23760
97 23376
98 22992
99 24096
100 23712
101 23328
102 22944
103 24048
104 23664
105 23280
106 22896
107 24000
108 23616
109 23232
110 22848
111 23952
112 23568
113 23184
114 24288
115 23904
116 23520
117 23136
118 24240
119 23856
120 23472
121 23088
122 24192
123 23808
124 23424
125 23040
126 24144
127 23760
128 23376
129 22992
130 24096
131 23712
132 23328
133 22944
134 24048
135 23664
136 23280
137 24384
138 24000
139 23616
140 23232
141 24336
142 23952
143 23568
144 23184
145 24288
146 23904
147 23520
148 23136
149 24240
150 23856
151 23472
152 23088
153 24192
154 23808
155 23424
156 23040
157 24144
158 23760
159 23376
160 22992
161 24096
162 23712
163 23328
164 24432
165 24048
166 23664
167 23280
168 24384
169 24000
170 23616
171 23232
172 24336
173 23952
174 23568
175 23184
176 24288
177 23904
178 23520
179 24624
180 24240
181 23856
182 23472
183 24576
184 24192
185 23808
186 23424
187 24528
188 24144
189 23760
190 23376
191 24480
192 24096
193 23712
194 23328
195 24432
196 24048
197 23664
198 23280
199 24384
200 24000
201 23616
202 24720
203 24336
204 23952
205 23568
206 24672
207 24288
208 23904
209 23520
210 24624
211 24240
212 23856
213 23472
214 24576
215 24192
216 23808
217 23424
218 24528
219 24144
220 23760
221 23376
222 24480
223 24096
224 23712
225 23328
226 24432
227 24048
228 23664
229 24768
230 24384
231 24000
232 23616
233 22874
234 10586
