0 12.200000
1 13.500000
2 14.900000
3 14.200000
4 12.900000
5 11.700000
6 10.800000
7 10.000000
8 9.200000
9 8.400000
10 7.600000
11 6.900000
12 6.200000
13 5.600000
14 5.100000
15 4.600000
16 4.500000
17 4.900000
18 5.400000
19 6.000000
20 6.600000
21 7.300000
22 8.000000
23 8.900000
24 9.800000
25 10.800000
26 11.900000
27 13.200000
28 14.200000
29 13.000000
30 11.700000
31 10.600000
32 9.700000
33 8.800000
34 8.000000
35 7.200000
36 6.500000
37 5.900000
38 5.300000
39 4.800000
40 4.400000
41 4.700000
42 5.200000
43 5.700000
44 6.300000
45 6.900000
46 7.700000
47 8.500000
48 9.300000
49 10.300000
50 11.400000
51 12.600000
52 13.900000
53 13.400000
54 12.100000
55 10.900000
56 9.900000
57 9.000000
58 8.200000
59 7.500000
60 6.700000
61 6.100000
62 5.500000
63 5.000000
64 4.500000
65 4.600000
66 5.000000
67 5.500000
68 6.100000
69 6.700000
70 7.400000
71 8.200000
72 9.100000
