0 5568
1 12624
2 21168
3 31200
4 38256
5 43824
6 44928
7 44544
8 44160
9 43776
10 43392
11 41520
12 39648
13 36288
14 31440
15 26592
16 21744
17 15408
18 10560
19 7200
20 3840
21 1968
22 96
23 1200
24 2304
25 4896
26 8976
27 16032
28 23088
29 31632
30 38688
31 42768
32 43872
33 44976
34 44592
35 44208
36 42336
37 38976
38 35616
39 32256
40 25920
41 21072
42 14736
43 9888
44 6528
45 3168
46 3904
47 3520
48 3136
49 4240
50 6832
51 10912
52 16480
53 25024
54 32080
55 37648
56 41728
57 44320
58 43936
59 43552
60 41680
61 39808
62 36448
63 33088
64 28240
65 21904
66 17056
67 12208
68 7360
69 4000
70 2128
71 1744
72 1360
