0 12.200000
1 13.500000
2 14.900000
3 4.100000
4 4.500000
5 4.900000
6 5.400000
7 6.000000
8 6.600000
9 7.300000
10 8.100000
11 8.900000
12 9.800000
13 10.900000
14 12.000000
15 13.200000
16 3.600000
17 4.000000
18 4.400000
19 4.800000
20 5.300000
21 5.900000
22 6.500000
23 7.200000
24 7.900000
25 8.700000
26 9.600000
27 10.600000
28 11.700000
29 13.000000
30 3.525000
31 3.925000
32 4.325000
33 4.725000
34 5.225000
35 5.725000
36 6.325000
37 7.025000
38 7.725000
39 8.525000
40 9.425000
41 10.425000
42 11.525000
43 12.725000
44 3.456250
45 3.856250
46 4.256250
47 4.656250
48 5.156250
49 5.656250
50 6.256250
51 6.856250
52 7.556250
53 8.356250
54 9.256250
55 10.156250
56 11.256250
57 12.456250
58 13.756250
59 1.882031
60 1.982031
61 2.282031
62 2.482031
63 2.682031
64 2.982031
65 3.282031
66 3.582031
67 3.982031
68 4.382031
69 4.882031
70 5.382031
71 5.882031
72 6.482031
73 7.182031
74 7.882031
75 8.782031
76 9.682031
77 10.682031
78 11.782031
79 12.982031
80 3.595508
81 3.895508
82 4.295508
83 4.795508
84 5.195508
85 5.795508
