0 5568
1 12624
2 21168
3 20784
4 14448
5 8112
6 3264
7 4000
8 640
9 2864
10 2480
11 2096
12 3200
13 7280
14 11360
15 16928
16 22496
17 16160
18 9824
19 3488
20 2736
21 3472
22 112
23 2336
24 464
25 4176
26 5280
27 7872
28 13440
29 19008
30 23088
31 16752
32 10416
33 4080
34 3328
35 2576
36 3312
37 1440
38 3664
39 3280
40 4384
41 6976
42 11056
43 16624
44 23680
45 17344
46 11008
47 4672
48 3920
49 3168
50 3904
51 544
52 2768
53 2384
54 3488
55 6080
56 8672
57 14240
58 21296
59 20912
60 11600
61 2288
62 1168
63 48
64 416
65 784
66 1152
67 3008
68 768
69 16
70 3360
71 2608
72 3344
73 1472
74 5184
75 4800
76 5904
77 8496
78 12576
79 18144
80 23712
81 14400
82 5088
83 3968
84 2848
85 3216
86 3584
87 3952
88 224
89 2080
