0 20.552688
1 21.544624
2 12.311290
3 6.666129
4 3.353763
5 2.087634
6 1.681720
7 2.039247
8 3.022581
9 5.223656
10 10.306989
11 18.216129
12 20.438710
13 13.326344
14 7.095161
15 3.122581
16 1.906452
17 1.671505
18 1.891935
19 2.870968
20 5.743011
21 10.530108
22 18.397312
23 20.562903
24 12.883871
25 6.490323
26 3.344624
27 1.903226
28 1.563978
29 1.988172
30 3.175806
31 5.339247
32 9.692473
33 18.768280
34 22.471505
35 14.116667
36 7.698387
37 3.738710
38 2.322581
39 1.816667
40 1.936559
41 2.682258
42 4.870968
43 10.154839
44 17.183871
45 19.625806
46 13.225806
47 6.613441
48 3.359140
49 1.880108
50 1.607527
51 2.098387
52 3.352688
53 5.616129
54 11.287097
55 19.763978
56 21.017204
57 12.350538
58 6.696774
59 3.551075
60 2.384946
61 2.007527
62 2.469355
63 3.556989
64 6.508602
65 12.839785
66 20.594624
67 19.562903
68 11.027957
69 5.408602
70 2.284409
71 1.565591
72 1.472581
73 1.763978
74 3.022581
75 5.223656
76 9.652151
