0 15616
1 33456
2 44976
3 44592
4 39744
5 31920
6 22608
7 13296
8 3984
9 256
10 2480
11 11024
12 29984
13 42992
14 44096
15 39248
16 31424
17 22112
18 11312
19 3488
20 3856
21 3472
22 12016
23 30976
24 43984
25 43600
26 38752
27 30928
28 21616
29 12304
30 2992
31 3360
32 1488
33 8544
34 28992
35 44976
36 44592
37 41232
38 33408
39 25584
40 14784
41 5472
42 3232
43 5456
44 12512
45 28496
46 41504
47 44096
48 39248
49 29936
50 20624
51 11312
52 2000
53 3856
54 1984
55 13504
56 32464
57 43984
58 43600
59 38752
60 30928
61 23104
62 13792
63 4480
64 2240
65 3344
66 16352
67 35312
68 43856
69 44960
70 38624
71 29312
72 20000
73 9200
74 3984
75 256
76 2480
77 1340
