0 10.871715
1 10.286006
2 9.879008
3 9.527393
4 9.428273
5 9.043915
6 8.857601
7 8.707408
8 8.767384
9 8.631276
10 8.456652
11 8.446677
12 8.476929
13 8.414473
14 8.349291
15 8.349275
16 8.383440
17 8.330611
18 8.310176
19 8.313901
20 8.323649
21 8.307985
22 8.297861
23 8.284543
24 8.305049
25 8.302758
26 8.241088
27 8.278859
28 8.294610
29 8.284657
30 8.283221
31 8.304949
32 8.302749
33 8.297337
34 8.284491
35 8.295033
36 8.278025
37 8.238612
38 8.278612
39 8.294592
40 8.277981
41 8.238608
42 8.223474
43 8.294592
44 8.277981
45 8.238608
46 8.223474
47 8.294592
48 8.277981
49 8.238608
50 8.223474
51 8.294592
52 8.277981
53 8.238608
54 8.213463
55 8.293590
56 8.277881
57 8.238598
58 8.223474
59 8.270861
60 8.282280
61 8.282983
62 8.294920
63 8.278014
64 8.238611
65 8.223475
66 8.294592
67 8.277981
68 8.238608
69 8.223474
70 8.294592
71 8.277981
72 8.238608
