0 9664
1 8160
2 10752
3 13344
4 15936
5 17040
6 18144
7 19248
8 18864
9 19968
10 21072
11 20688
12 21792
13 21408
14 21024
15 22128
16 21744
17 22848
18 22464
19 22080
20 23184
21 22800
22 22416
23 22032
24 23136
25 22752
26 22368
27 23472
28 23088
29 22704
30 22320
31 23424
32 23040
33 22656
34 23760
35 23376
36 22992
37 22608
38 23712
39 23328
40 22944
41 22560
42 23664
43 23280
44 22896
45 24000
46 23616
47 23232
48 22848
49 23952
50 23568
51 23184
52 22800
53 23904
54 23520
55 23136
56 22752
57 23856
58 23472
59 23088
60 22704
61 23808
62 23424
63 23040
64 24144
65 23760
66 23376
67 22992
68 24096
69 23712
70 23328
71 22944
72 23292
73 11004
